1.135199571206422231e+00
9.906730122387760185e-01
8.954916085194830622e-01
8.864893101540338716e-01
9.327433900744348527e-01
9.703083247087636032e-01
9.446153774068747344e-01
1.291284877044155399e+00
1.046775191696474039e+00
9.952910215796572091e-01
8.999694426930505697e-01
9.708230610463637333e-01
1.038357954733678534e+00
1.044061576386467571e+00
9.410157786072768094e-01
7.790791655490459933e-01
9.544477969534999051e-01
9.972908627722067987e-01
9.661597780876480801e-01
8.402832769529049450e-01
9.986607926084279940e-01
9.549492659261817895e-01
1.102435650327258765e+00
9.238085058950151751e-01
1.016486479129670162e+00
1.047947886028631981e+00
9.368132126087848066e-01
1.016557881798561436e+00
1.039983404293375990e+00
9.453858328627593455e-01
9.855590447445836677e-01
1.059427693755605748e+00
8.502342854110170878e-01
1.042037563968667202e+00
1.116512370760545547e+00
1.072935015221133659e+00
8.785007776862433504e-01
1.100022538901604507e+00
9.762272970694293450e-01
9.656582310602159769e-01
1.052622812909940864e+00
1.003067278367772097e+00
9.323913060253871121e-01
1.212655311843969796e+00
9.596411454184696765e-01
1.056650073862348105e+00
9.770963397228683567e-01
9.052116028325616348e-01
8.561685641499653387e-01
7.728683358952453952e-01
9.128346348926207332e-01
9.977826659346374916e-01
9.394751719278050528e-01
7.993981834598224978e-01
7.323309378710960438e-01
1.021630123671679158e+00
8.987950044230647029e-01
1.036228564941156227e+00
8.264320063214825041e-01
9.698590067982437724e-01
1.101642543762126447e+00
1.026843940380551157e+00
9.238877097642570480e-01
1.064057043728306340e+00
9.212869356702373391e-01
9.568535785696727913e-01
1.000528953804054932e+00
9.749101632679609830e-01
1.032616118028387486e+00
9.210901094511407816e-01
9.229244308114890050e-01
9.007365219969298842e-01
8.561387272491558509e-01
1.005246533723644031e+00
8.099615720321508006e-01
1.067029760960129803e+00
1.197596560510287844e+00
8.635128807025297393e-01
9.478323603332478031e-01
1.056241101591313791e+00
9.807546351785756400e-01
8.844049058176320921e-01
9.935278870540903418e-01
7.953879385989230943e-01
9.374355535165328490e-01
9.693329522516948016e-01
9.128819522729429981e-01
1.078046680337113150e+00
9.480358962174565418e-01
8.568151120269265064e-01
1.090395761631163474e+00
8.168278364128808144e-01
7.976332822878668960e-01
1.018257316002047830e+00
9.905629530389432613e-01
8.120175052305026453e-01
1.091211146198162840e+00
1.140622036013027252e+00
1.030070191158053428e+00
9.000171410893452739e-01
1.246585247767745042e+00
9.925088290939356739e-01
6.219992219149585999e-01
1.096950669173530679e+00
8.977608006138761976e-01
9.827856288444336563e-01
9.466752129318602993e-01
9.657514924607626394e-01
8.533625976337092522e-01
8.961795545741557678e-01
9.216068642851308335e-01
9.169597911592484163e-01
8.967018001818356510e-01
1.016234973997026003e+00
1.072919158590116773e+00
9.192684205908356887e-01
8.710957590849343068e-01
7.887502425428339903e-01
9.615892543217241517e-01
1.049812068880836780e+00
8.760542449080928051e-01
8.837059432484779542e-01
9.603058315641401776e-01
8.812140368251661915e-01
8.093156829806591457e-01
8.300075546058853782e-01
9.638368658398344113e-01
8.211409953593558075e-01
8.504444566682605178e-01
1.027339571325593726e+00
8.635729001093886970e-01
1.026167817944731997e+00
8.947935351492188882e-01
7.202667156248416802e-01
8.522591134915784572e-01
8.064282396422115529e-01
1.153783111608471135e+00
6.715962233199577192e-01
8.888524548202875186e-01
9.015091133957670033e-01
8.381404951705843098e-01
9.264958395302542726e-01
9.132968410649071611e-01
8.257120776315727273e-01
8.925752932968206155e-01
9.690512842827970763e-01
9.803941664551366619e-01
9.441425125154072617e-01
8.679434117139414040e-01
1.024351559923600830e+00
9.702785280991378380e-01
8.154083149034867528e-01
1.004174457524049879e+00
9.629671576927322230e-01
9.997671376428817203e-01
8.230628200201293154e-01
9.737720816173960348e-01
8.540508184096173849e-01
8.680406677316969688e-01
8.478860905386724767e-01
1.038912716516770418e+00
1.159412846717134515e+00
7.189343407970022470e-01
1.020988622172384286e+00
9.646627076242147991e-01
8.112566317524608772e-01
9.198446135937693446e-01
8.673370268806968042e-01
9.638421812180033577e-01
8.574095942809792925e-01
9.814415048313278600e-01
8.550343838500504834e-01
7.874830213271323265e-01
1.052306848477596812e+00
7.859552344808699020e-01
9.696578913243465436e-01
8.804083839530588707e-01
9.709353291944751163e-01
9.988880256215346698e-01
1.022173591024151174e+00
9.700036368731961289e-01
9.609107957389195764e-01
7.039626467624450212e-01
8.751099810408975443e-01
1.021141263422165046e+00
9.867396438718426532e-01
8.968457846328480310e-01
8.864021391678768014e-01
9.276704550615175737e-01
9.599425881136581795e-01
7.978312996246808009e-01
9.104557914268155416e-01
9.396836924935293434e-01
8.096894715636779871e-01
8.568788284549730960e-01
8.440447273041825627e-01
9.651727247369591423e-01
8.448600420840627345e-01
7.688060225129790259e-01
8.965842524970220051e-01
1.030419350371055254e+00
9.840840652598666916e-01
7.587189834475458472e-01
8.344894898050638776e-01
8.126127494499988391e-01
9.862700376544853986e-01
9.606092053066225267e-01
8.713532221162291203e-01
9.885596164941448105e-01
9.001594067750393613e-01
8.119687199029633762e-01
7.806534721604641014e-01
9.519702525690881822e-01
1.117265799592739084e+00
8.237744555825662340e-01
9.717287243603660585e-01
7.704737434081903036e-01
7.374737997665200551e-01
9.723103422178289712e-01
8.464547522098521126e-01
8.647393945858548037e-01
7.564686319244308121e-01
9.224068327600762895e-01
9.436120563445642428e-01
8.530283334318278232e-01
6.365501180142908444e-01
8.708006345696690520e-01
7.908739975751478690e-01
7.657451170867741741e-01
6.751690761701427679e-01
7.343925249993981108e-01
8.522261938188158137e-01
9.310539508126621788e-01
9.878822155276206773e-01
1.009417541606699720e+00
9.709662834504134699e-01
1.015125865655288173e+00
9.044309108989844193e-01
8.640286807843163830e-01
9.373581140949357460e-01
8.561354953688947722e-01
8.664157233689524507e-01
1.126929118146188902e+00
6.835741413985333415e-01
9.074203255588406680e-01
1.003106180042438345e+00
1.025518499302460862e+00
9.333535620761359564e-01
9.459249618642691093e-01
8.353839322168431503e-01
9.378558004827668437e-01
6.758464439254759926e-01
1.029499114345338251e+00
9.172637381424741942e-01
9.236020027685450939e-01
7.052062434962668158e-01
9.340478778206129373e-01
8.653787297526498445e-01
9.095335995946656205e-01
6.346309392258902005e-01
1.179920413039044158e+00
8.966077920373990429e-01
9.376079576430565998e-01
9.121281833249990090e-01
9.827590807461256128e-01
9.060818604611429183e-01
9.081717859579391261e-01
9.365010310256504100e-01
8.035205392948995273e-01
9.303078653374747820e-01
8.827507424086972199e-01
8.906289007157446314e-01
7.854296750315357123e-01
8.262097264168760669e-01
9.284508217761670013e-01
9.679110419059928638e-01
8.135201902670978757e-01
8.617196718383255405e-01
7.728295994400213864e-01
8.724557347699223309e-01
9.524111751265231796e-01
1.020454380348693180e+00
9.089593761645583525e-01
8.560508154930476232e-01
9.568658361360539155e-01
1.047872036830478804e+00
8.487261076858363396e-01
7.680194827150178538e-01
8.927343584993088221e-01
9.117749720367889221e-01
8.124203491258805698e-01
8.782852011978485862e-01
9.702774216848555344e-01
6.815706957019624923e-01
8.695923369331557407e-01
7.887891502384676290e-01
8.364077006982151286e-01
8.738929061466322867e-01
7.865820668972909324e-01
8.494356141454207920e-01
6.888407483301826062e-01
6.947319201596431348e-01
9.515824483255511668e-01
7.209995092787390147e-01
9.102916813909521787e-01
9.539837020872210527e-01
6.879491697814775764e-01
8.407624528578513390e-01
9.714141215392019246e-01
8.131318260430657752e-01
7.937773924158771921e-01
8.220955881405640486e-01
8.643216310054444573e-01
8.934751951394296343e-01
9.036381706916426504e-01
1.008999179314677086e+00
1.034960371472580354e+00
6.242283289347744235e-01
1.070502290341174723e+00
8.885979512215952392e-01
9.686470724123376064e-01
8.097686063760274333e-01
8.750614036287047703e-01
8.604485727765425196e-01
9.235354532121329285e-01
7.470514627297529797e-01
8.058633411844330352e-01
9.071789940743198999e-01
9.058358472847457543e-01
7.058320638120286761e-01
9.932672480242492608e-01
8.141508913215442789e-01
7.723992131742866141e-01
9.457401197375364665e-01
8.412646204990588128e-01
7.408326144258251533e-01
7.238552069363364261e-01
1.039797178918498988e+00
7.921161300350629819e-01
8.555870789740681603e-01
7.768439642374258547e-01
7.762443114285567658e-01
9.724326405618139990e-01
7.955819082669051134e-01
8.379778146407305117e-01
8.319077445812236293e-01
7.801660239541937658e-01
9.936076568841916146e-01
8.200341983903641774e-01
9.389558197361000946e-01
9.774297493189232355e-01
8.406407521731882326e-01
8.907087448150692310e-01
5.592532578288306189e-01
8.260470675830769993e-01
8.483267569755137405e-01
7.283439414379315746e-01
1.048755067109966355e+00
7.586991360671359041e-01
8.005416239048792626e-01
7.868941079461753141e-01
8.072805626406139856e-01
9.275647791858593338e-01
8.655611217374701294e-01
1.003964085861038802e+00
8.053409751003848260e-01
8.970952452798865995e-01
8.143329403254737642e-01
9.391974173627080091e-01
8.661619969319924728e-01
6.609690220989172804e-01
9.276092861933905587e-01
9.208257230108647384e-01
9.019502574146119889e-01
7.776272128119998683e-01
8.709456734368111741e-01
6.302913784394373886e-01
6.459933743450562149e-01
7.197763421565055442e-01
8.654601548789535581e-01
9.137912504140590642e-01
9.422729812005052885e-01
6.552640688371618172e-01
8.431001678138302369e-01
8.617929581824465002e-01
8.104001656588917246e-01
9.618354976325582673e-01
1.065964572271020261e+00
7.465958341883253135e-01
8.263657121881508028e-01
9.635508805637882368e-01
6.873597486075286866e-01
8.272074334820442854e-01
8.844407324306503559e-01
6.722716736169177532e-01
9.022485715364266801e-01
8.398472436335729929e-01
6.905931181065858571e-01
8.859502898522467751e-01
8.618508939925070278e-01
7.706583337625969587e-01
8.686262380735612076e-01
7.732612185234011282e-01
8.316934153243407124e-01
8.388883829578909213e-01
1.072365572739970352e+00
6.956173683186703816e-01
7.817454528982891171e-01
8.696302571556721039e-01
7.448539597735504003e-01
7.891848800736382952e-01
6.111014854448046929e-01
5.848200443279802929e-01
8.740114011397315252e-01
8.995441941858716151e-01
7.191175683129655827e-01
7.566107513365680770e-01
7.515459362150010980e-01
8.309371904982768564e-01
7.743591243831714488e-01
7.243442365483542256e-01
8.654452110258620268e-01
7.642912862112202221e-01
7.192948528119011975e-01
8.324912362984491221e-01
6.380611244967844264e-01
7.438890802750659503e-01
9.668367180600714317e-01
7.083525670688346487e-01
7.451946904039350450e-01
6.413695674232974264e-01
7.305759504161405404e-01
9.735549627687944962e-01
8.017633659099580035e-01
8.294057966304952956e-01
5.620010359144230749e-01
8.951268022684361059e-01
8.383170997737483532e-01
8.030363276810041917e-01
9.139473934601902716e-01
7.263742734958084091e-01
7.513597917731227316e-01
9.229944544622139535e-01
8.252573268866441047e-01
7.801171608388218770e-01
8.950856555687225491e-01
8.198377098033776678e-01
6.806624386984774233e-01
6.975984769681162767e-01
8.312489367384059413e-01
7.301817540080445257e-01
6.337509860302448228e-01
7.440433533023317336e-01
5.454909695853679130e-01
7.890149766946867871e-01
6.517327891795589023e-01
6.779339366261515343e-01
6.791040788247342253e-01
9.155140544236159972e-01
8.327236107580207047e-01
5.718936761013539982e-01
7.734664278421644612e-01
6.719251782651980420e-01
7.684732879078897128e-01
5.187299423311722002e-01
8.311087670039966069e-01
6.720495818370970653e-01
7.582248449252300126e-01
7.296979283700073537e-01
8.615861019582076175e-01
7.313144925533565655e-01
6.734181752236999552e-01
8.142822019954043533e-01
7.335326866813165481e-01
6.367442131782393711e-01
8.948053030214796477e-01
7.609607025360101140e-01
8.556313858126295413e-01
7.881855475292390834e-01
7.841263980570433167e-01
7.244867198812102727e-01
8.364869234005485321e-01
7.868175554067046162e-01
9.007430495266537385e-01
8.119351221224035964e-01
8.631809750694376948e-01
6.549530739175439820e-01
7.584417731400793228e-01
7.421320171937129118e-01
6.878791052163247821e-01
6.046952470797976043e-01
9.918760055336134362e-01
7.275156104050013450e-01
7.641276076830119113e-01
7.683428252428375904e-01
7.762872288740045867e-01
7.841098408425974942e-01
8.746455856253577688e-01
8.507059731182082807e-01
6.300493909178827012e-01
7.450432096759459499e-01
6.868338392990112062e-01
8.655152150629504826e-01
7.666151460858532385e-01
8.058109137889947204e-01
8.201668364425728219e-01
8.046561974814125939e-01
8.014257254531773622e-01
6.849762972023668572e-01
7.105490717825319047e-01
7.104481452233709637e-01
7.003221670393110498e-01
7.437864975872071627e-01
7.346292964639702383e-01
6.503282606522111653e-01
7.186791757714360296e-01
7.557349624825038248e-01
7.561374633426118930e-01
7.392686954918455955e-01
6.424808157409711562e-01
6.729549493958936202e-01
7.543583433410421257e-01
7.781046473599018132e-01
7.321001204024846221e-01
9.081545679166189711e-01
9.023127199324306735e-01
5.790839552587347949e-01
7.126962222431846294e-01
6.140068135638514502e-01
8.192470488725007716e-01
7.261147611909645194e-01
5.291981190642603972e-01
5.773007331024679889e-01
6.204845930868858606e-01
9.228360658368905955e-01
9.521250718000525692e-01
6.833061346309161621e-01
6.521715764826369055e-01
7.848391016340439119e-01
6.639176445530989845e-01
6.547205297960618786e-01
6.431048652217750128e-01
6.342722502910257409e-01
7.242035814792623372e-01
5.002173396175064735e-01
7.441047401537299599e-01
7.653223667832255162e-01
7.016948445508235377e-01
6.270983207376146229e-01
7.959826621632444255e-01
7.727544761369647963e-01
6.353888283941184767e-01
6.206242365979746101e-01
8.268035971828053832e-01
7.229708040111703093e-01
6.746238018624248767e-01
7.985008823605045380e-01
8.586161745962431757e-01
6.083162185054176163e-01
6.951585501495853858e-01
8.006851938644766742e-01
7.612563938825668286e-01
6.706689982977592779e-01
8.162471218297714382e-01
6.596336066742530813e-01
6.906966789559104702e-01
5.826971996003568188e-01
7.270129200572096329e-01
6.774091360150742425e-01
9.013119177793332826e-01
9.022260933659331794e-01
7.030119793651086191e-01
6.670377428342413317e-01
7.629196064635725971e-01
7.666019959668760597e-01
7.128912581271575899e-01
8.373623908586813602e-01
8.574178419330585887e-01
5.766948677216396923e-01
7.189610437722804281e-01
6.348849584356049958e-01
6.251792745250313033e-01
6.536604747064743703e-01
6.054404726758804145e-01
6.554432243205911002e-01
7.248021073936039560e-01
7.741653219750582737e-01
6.299614015831132008e-01
7.737496698186862032e-01
7.570230938836525203e-01
7.061184409771474879e-01
6.142059741659284811e-01
6.984403827926608521e-01
5.626707063807474540e-01
6.353935987830063858e-01
8.382760456237247082e-01
8.865061160866639645e-01
9.043227379913829633e-01
6.376607135240782709e-01
5.867348354073680383e-01
6.962740742524183846e-01
8.122559882013757893e-01
6.947791336549191676e-01
6.502392504479367341e-01
7.423300941665409436e-01
8.289983499691564450e-01
6.127429352216281488e-01
6.672277708196550083e-01
4.100249984794256397e-01
8.669009265323122104e-01
5.553885639835656196e-01
7.864672286108039811e-01
8.150999235599600823e-01
6.835615594017254715e-01
7.635614959072372088e-01
7.959796482025776054e-01
7.097379259280105490e-01
9.117830613855369970e-01
8.089467833156530618e-01
6.594755978553954456e-01
5.888052957976783741e-01
7.415586535687810343e-01
8.083021271502039973e-01
7.645215595885317406e-01
8.099334161005412591e-01
6.482208829702922337e-01
7.499070774985688859e-01
6.550464722699333997e-01
6.583709082150677183e-01
5.579320646417779139e-01
7.015530154363882609e-01
8.088289703365506567e-01
6.550368134016129051e-01
6.815076128519723664e-01
4.734185898181331176e-01
6.027921644090923348e-01
6.690070319816866506e-01
7.199324589096889326e-01
6.948275931720744314e-01
7.050307044972312642e-01
6.441846026871255182e-01
8.202499607237355717e-01
5.937984655747448048e-01
7.364850101110594904e-01
7.903030000973136904e-01
7.653559251300365851e-01
7.886055438093326764e-01
7.565404479651064440e-01
7.172553074095453507e-01
5.650199852967047187e-01
7.238594239940925323e-01
6.315181626180188523e-01
7.603964209446283373e-01
7.423271167377563096e-01
6.915452694108522591e-01
7.999498183418105590e-01
6.846464830841983984e-01
5.498311850062022055e-01
6.680560335250345094e-01
5.967515142444373977e-01
7.808899135235956024e-01
7.006091072459735836e-01
8.175984705211994941e-01
9.284180950722534797e-01
5.464716735257586500e-01
7.067772397450317046e-01
7.854151713704604632e-01
6.645928476716193023e-01
6.472841490023264477e-01
6.432002543190148414e-01
6.364455986269506038e-01
6.032624035718900934e-01
5.519558590510368346e-01
7.349225591274959335e-01
7.199929431738959495e-01
6.627861469039610931e-01
6.403383140490631620e-01
6.819951244220380238e-01
7.075131745119179749e-01
7.999254780143325583e-01
7.450945879349074596e-01
7.999020396369154184e-01
5.681012534103982992e-01
7.479141005420526511e-01
6.586777527903051599e-01
5.875676547130181948e-01
5.914046191473192327e-01
5.298388948751900918e-01
6.007740729846235972e-01
6.092133527096837975e-01
8.354647561588011140e-01
6.528696990503837227e-01
8.359608631964045022e-01
7.230165555721889126e-01
7.597331762063624927e-01
5.249672326383094667e-01
6.943950474610790513e-01
5.527502798529211336e-01
8.482835920454246947e-01
5.942951631461288464e-01
4.188249155870142348e-01
6.325211767697339615e-01
7.678505928979355577e-01
5.500491286190878348e-01
5.282819016317441552e-01
6.844496497968765025e-01
5.864759044977476687e-01
5.109608955226725424e-01
6.392807930620176826e-01
4.966262947456641097e-01
6.312456800468364548e-01
7.764700576715948266e-01
5.565863509563622191e-01
4.779946585627945499e-01
8.435984878751505711e-01
6.148706803521626352e-01
6.887798823518668234e-01
6.709331068769278650e-01
7.006609375620768132e-01
6.229515139904414633e-01
6.497301983328253039e-01
6.303874749599047700e-01
3.980036841746674714e-01
7.678003478100418056e-01
6.819783951658421328e-01
6.062843027983949584e-01
6.821392395410462717e-01
7.072022778927095077e-01
6.693344219538441831e-01
8.193155592219427685e-01
6.006857304369307426e-01
8.362408627982039766e-01
6.133087725892367725e-01
6.773120303101770601e-01
7.066977800411808897e-01
7.582258922146460911e-01
6.430404576540966755e-01
8.227190753892328345e-01
5.220223906129394242e-01
6.193693608518895388e-01
6.783524267658188611e-01
7.536614756343169574e-01
6.628332425437380993e-01
7.345514701515573064e-01
7.110209292756776156e-01
5.870656773587502597e-01
7.801960167549715219e-01
7.362825197593155790e-01
5.927655342834005081e-01
6.982141180160370553e-01
6.647881863101471334e-01
4.897658694196381224e-01
7.141039884484696731e-01
6.976380392125040020e-01
8.025082620558371405e-01
6.000192548664335934e-01
7.060047328389780219e-01
6.480863166017992727e-01
6.263360048932525848e-01
6.544661486581401233e-01
6.122065050689295962e-01
6.671712615380371858e-01
7.534627401052345075e-01
5.302711311029735253e-01
6.595497993109520340e-01
4.713427504212427399e-01
5.993304495716819114e-01
6.032521303743759722e-01
4.995802252727497561e-01
6.802462677109019085e-01
7.658475551144078297e-01
7.162752899066320289e-01
5.799290924507169986e-01
5.440098932846607616e-01
6.288732640637938465e-01
6.126130245209323588e-01
7.051517589412862330e-01
5.588303820438291769e-01
6.379174448788519358e-01
6.999084363480165827e-01
7.465750073071990567e-01
5.986409144887036016e-01
6.943266248511391625e-01
6.217064235710226816e-01
6.425248785043708999e-01
5.480668789069955693e-01
7.475392394385791395e-01
6.635976548238995409e-01
7.020586211156633061e-01
7.037260285323497788e-01
5.986664968149975063e-01
6.460348779772997485e-01
5.469276561166190875e-01
5.198467619853750499e-01
6.050147302597232990e-01
5.600951823145853270e-01
5.750673531286627504e-01
6.969196435081531638e-01
4.822261849532593070e-01
5.391435707603520200e-01
6.373188129083670050e-01
3.889258191632050110e-01
7.329200484851873254e-01
6.029655150680000020e-01
6.736983318707869817e-01
6.858725563446962381e-01
6.530656034027857437e-01
4.742329399868324691e-01
4.849562238275971771e-01
5.825659844679552668e-01
7.640253849576780221e-01
5.994068125575440220e-01
5.329664501567454860e-01
6.169631755301668852e-01
6.499788369957060219e-01
4.325826824813560068e-01
6.153466263112106205e-01
4.546009431635250619e-01
4.454854268165913123e-01
6.085750246773975469e-01
5.018697085549433945e-01
7.078047447177859830e-01
7.912695411104482268e-01
6.155576727982223773e-01
7.830457149437969333e-01
6.008713160771377293e-01
6.613328755572330797e-01
4.504340982647121461e-01
6.245564322242788124e-01
5.231617705121731632e-01
6.964290473072305421e-01
6.435110066604465828e-01
5.235521478001745610e-01
5.686097377010045362e-01
5.428916067306770454e-01
4.525114699862857748e-01
5.798447371090574842e-01
5.817760138201600872e-01
5.491648240251085777e-01
8.877044225783696785e-01
7.417175394730570748e-01
3.532842044971891693e-01
7.118664722097801656e-01
5.747874550636162816e-01
6.684107082032550995e-01
5.052908275384319081e-01
6.464497061879544981e-01
5.750449148279226375e-01
5.554419230687266396e-01
4.974084389113088700e-01
4.207478126774231164e-01
7.015547909779887847e-01
5.686719029739756293e-01
5.377122032285087672e-01
6.080309194593086497e-01
6.483283066405719497e-01
6.446403838067957803e-01
4.523343820967666851e-01
4.903796526652361432e-01
6.172458215073282073e-01
6.556688165417215997e-01
5.805205638661284917e-01
7.838818617810331402e-01
6.240321528875625301e-01
6.780034835458033093e-01
5.271183559882290925e-01
6.350107233251106598e-01
5.915856448732665918e-01
7.386574491917343721e-01
5.289772876097741383e-01
6.999950809314123834e-01
7.557350961376836374e-01
6.105586059446593827e-01
4.029683724617022511e-01
6.423163783892176237e-01
5.430274681004702009e-01
7.480196284548132901e-01
4.965832169017591058e-01
5.294004057902594873e-01
4.925528452391925160e-01
4.043211253053553000e-01
5.499281784194082201e-01
5.752169997091658438e-01
7.123365140606786605e-01
6.722484002210686871e-01
5.411908393408818574e-01
6.018319800701142919e-01
6.756161257793587005e-01
4.812320027779548037e-01
6.088536474778912799e-01
5.637802824944828650e-01
5.200079265826573760e-01
7.263489891263612552e-01
5.933224829208932904e-01
5.924975299044754617e-01
5.876891852003933714e-01
5.974190976979891765e-01
4.202668790397118825e-01
7.272972027974569098e-01
6.487776785909306065e-01
5.156495439535073722e-01
5.258433976534372389e-01
6.093641590843024147e-01
7.586419732596252352e-01
5.130756672749448022e-01
6.232291307342068265e-01
5.565942931809556571e-01
4.653193491383605940e-01
4.777555817664789761e-01
5.474112752371836921e-01
7.412205722560883947e-01
5.900104216459720607e-01
7.706884722432174595e-01
4.028348247945467975e-01
5.581680477966822762e-01
5.416576423575031329e-01
7.391837777524788988e-01
6.585345681330124767e-01
5.604154790554228827e-01
3.537397402304919836e-01
5.102202407520309846e-01
5.887194037294604110e-01
6.311996726930556578e-01
5.528119782377067803e-01
5.577238907351198538e-01
6.626444120777277291e-01
4.511308781010678892e-01
6.288122329984037195e-01
5.815368047516985550e-01
7.217753407127210918e-01
5.754781773648621757e-01
6.521129969830703477e-01
6.658930978264503420e-01
6.281969085736349712e-01
5.106198578313716485e-01
5.231601318036411818e-01
6.546203152705689643e-01
7.075117666522471316e-01
5.960799761759985049e-01
6.258502744194972545e-01
6.226239666097636016e-01
5.918502488656616212e-01
5.028508907091133739e-01
4.682194800323346007e-01
8.422635627416599213e-01
5.642682836096197807e-01
7.095090729965195520e-01
6.627271368937023288e-01
7.497625298602090815e-01
6.972874690455794777e-01
6.719378663799675522e-01
5.338593492964600618e-01
6.713122880755455490e-01
5.355634842432031029e-01
5.777553691879524500e-01
4.387587525988316806e-01
7.069783945263037328e-01
6.066419025133467091e-01
7.710316549931666152e-01
6.621354456512342779e-01
4.043635325418538651e-01
7.052652364105214122e-01
7.744746502285057010e-01
6.772533676608264441e-01
4.053742248542970827e-01
6.198513794388555986e-01
6.763988904519198098e-01
6.177259232663518951e-01
5.354714895601967450e-01
5.650964551045789541e-01
5.567426128780669226e-01
5.059544840154605039e-01
6.194228950827018743e-01
5.262389606119597385e-01
5.915909878735148286e-01
5.276916240311099182e-01
6.655320783900968706e-01
4.673225427686279465e-01
7.076359138721521891e-01
6.162882956627340203e-01
5.383111637439239594e-01
5.246152592180508556e-01
5.345741981539606780e-01
5.903822352292519282e-01
5.342547402671977697e-01
6.665498085644200321e-01
5.915781468254991404e-01
2.840332424559566804e-01
6.283414812991873211e-01
4.786009420612177823e-01
6.761501880699493094e-01
5.900127447883486420e-01
5.114847958407280348e-01
6.612687299934859597e-01
5.798873179058914307e-01
5.601444664413851582e-01
5.531963020647610030e-01
7.810285958822643648e-01
5.405436265059087031e-01
5.438858167465936422e-01
